1651129985552 3.584066867828369 10507
1651134622020 3.557084560394287 21015
1651139264873 3.553415298461914 31523
1651143921412 3.5521364212036133 42031
1651148578921 3.551910638809204 52539
1651153238823 3.5518877506256104 63047
1651157897104 3.5517916679382324 73555
1651162550285 3.551622152328491 84063
1651167202315 3.5515494346618652 94571
1651171825390 3.5515260696411133 105079
1651176449230 3.5513155460357666 115587
1651181073167 3.5513556003570557 126095
1651185698377 3.551370620727539 136603
1651190327714 3.551326036453247 147111
1651194958863 3.5513627529144287 157619
1651199587152 3.5512702465057373 168127
1651204210328 3.5511136054992676 178635
1651208835006 3.5512897968292236 189143
1651213463773 3.5510318279266357 199651
1651218098496 3.5510337352752686 210159
1651222736445 3.5510873794555664 220667
1651227371063 3.55094051361084 231175
1651232000722 3.5510096549987793 241683
1651236626662 3.55078125 252191
1651241230087 3.5508322715759277 262699
1651245831664 3.5506463050842285 273207
1651250434669 3.550854444503784 283715
