1652771234666 0 3
1652771237555 1 3
1652771244115 1 7
1652771247083 2 7
1652771253801 2 11
1652771256565 3 11
1652771263007 3 15
1652771265896 4 15
1652771272563 4 19
1652771275823 5 19
1652771282595 5 23
1652771285608 6 23
1652771292504 6 27
1652771295273 7 27
1652771301827 7 31
1652771305134 8 31
1652771312099 8 35
1652771315085 9 35
1652771322101 9 39
1652771324896 10 39
1652771331182 10 43
1652771334072 11 43
1652771340350 11 47
1652771343114 12 47
1652771349955 12 51
1652771353059 13 51
1652771359538 13 55
1652771362311 14 55
1652771368905 14 59
1652771371723 15 59
1652771378233 15 63
1652771381039 16 63
1652771387496 16 67
1652771390505 17 67
1652771397535 17 71
1652771400674 18 71
1652771407034 18 75
1652771409838 19 75
1652771416694 19 79
1652771419464 20 79
1652771423673 20 80
