1652771237555 4.807647705078125 3
1652771247083 3.8253631591796875 7
1652771256565 3.1004157066345215 11
1652771265896 3.023177146911621 15
1652771275823 2.9629931449890137 19
1652771285608 2.9437434673309326 23
1652771295273 2.934684991836548 27
1652771305134 2.887024164199829 31
1652771315085 2.90585994720459 35
1652771324896 2.9083852767944336 39
1652771334072 2.8956189155578613 43
1652771343114 2.890296220779419 47
1652771353059 2.8934497833251953 51
1652771362311 2.897645950317383 55
1652771371723 2.885765790939331 59
1652771381039 2.8792178630828857 63
1652771390505 2.8836143016815186 67
1652771400674 2.8863871097564697 71
1652771409838 2.8919544219970703 75
1652771419464 2.8819212913513184 79
