1653292448136 3.607696560135258 0
1653295122940 3.563632487388541 1
1653297798494 3.5421982635143006 2
1653300473914 3.5561090509474935 3
1653303148231 3.555826410214439 4
1653305820990 3.5416366805084585 5
1653308492783 3.5524669834130793 6
1653311165129 3.539242666485557 7
1653313837635 3.5518714867937824 8
1653316509233 3.5448513669481194 9
1653319180839 3.541203175359776 10
1653321852197 3.5428396245804312 11
1653324523914 3.5472877152664015 12
1653327196165 3.546428362588988 13
1653329868482 3.5541798468093524 14
1653332541833 3.5512321087676035 15
1653335214038 3.542214311526037 16
1653337885781 3.546380040216319 17
1653340557136 3.5521243782519023 18
1653343230009 3.5597909627461735 19
