1652765945737 0 3
1652765948478 1 3
1652765954119 1 7
1652765957015 2 7
1652765962758 2 11
1652765965421 3 11
1652765970942 3 15
1652765973819 4 15
1652765979483 4 19
1652765982199 5 19
1652765987918 5 23
1652765990464 6 23
1652765996186 6 27
1652765999122 7 27
1652766005114 7 31
1652766007665 8 31
1652766013344 8 35
1652766015879 9 35
1652766021784 9 39
1652766024708 10 39
1652766030069 10 43
1652766032648 11 43
1652766038333 11 47
1652766041191 12 47
1652766043784 12 49
1652766046974 12 51
1652766049619 13 51
1652766055494 13 55
1652766058030 14 55
1652766063832 14 59
1652766066710 15 59
1652766072100 15 63
1652766074696 16 63
1652766080187 16 67
1652766082840 17 67
1652766088963 17 71
1652766091596 18 71
1652766097182 18 75
1652766100137 19 75
1652766106079 19 79
1652766108583 20 79
1652766112286 20 80
