1652765948478 4.807647705078125 3
1652765957015 3.8253629207611084 7
1652765965421 3.1004157066345215 11
1652765973819 3.023177146911621 15
1652765982199 2.9629931449890137 19
1652765990464 2.9437434673309326 23
1652765999122 2.9346847534179688 27
1652766007665 2.887024164199829 31
1652766015879 2.90585994720459 35
1652766024708 2.9083850383758545 39
1652766032648 2.8956189155578613 43
1652766041191 2.890296459197998 47
1652766049619 2.8934497833251953 51
1652766058030 2.897645950317383 55
1652766066710 2.885765552520752 59
1652766074696 2.8792176246643066 63
1652766082840 2.8836140632629395 67
1652766091596 2.8863871097564697 71
1652766100137 2.8919544219970703 75
1652766108583 2.8819212913513184 79
