1652773406819 4.807647943496704 0
1652773415052 3.825363039970398 1
1652773423575 3.1004157066345215 2
1652773431524 3.0231772661209106 3
1652773439531 2.9629932045936584 4
1652773447905 2.9437435269355774 5
1652773455803 2.934684932231903 6
1652773463892 2.8870241045951843 7
1652773472125 2.905859887599945 8
1652773480420 2.908385217189789 9
1652773488246 2.895619034767151 10
1652773496065 2.8902962803840637 11
1652773504077 2.893449902534485 12
1652773512213 2.8976460695266724 13
1652773520349 2.885765790939331 14
1652773527933 2.879217803478241 15
1652773536150 2.8836143016815186 16
1652773544475 2.886387050151825 17
1652773552465 2.8919543623924255 18
1652773560527 2.881921410560608 19
